gyroSamples = [
 [-0.003193, -0.102166, 0.010642]
 [-0.004257, -0.103230, 0.010642]
 [-0.004257, -0.102166, 0.012771]
 [-0.002128, -0.102166, 0.013835]
 [-0.002128, -0.101101, 0.013835]
]
accelSamples = [
 [-0.083797, 0.014365, 9.938332]
 [-0.083797, 0.014365, 9.938332]
 [-0.107739, 0.047884, 9.931149]
 [-0.074220, 0.000000, 9.993398]
 [-0.071826, 0.043096, 9.897630]
]
magSamples = [
 [34.050003, 11.550000, -136.950012]
 [33.675003, 12.075001, -136.875000]
 [33.225002, 11.925000, -136.725006]
 [34.050003, 12.150001, -136.950012]
 [33.825001, 11.925000, -136.725006]
]